65980000000
65980000001
65980000002
65980000003
65980000004
65980000005
65980000006
65980000007
65980000008
65980000009
65980000010
65980000011
65980000012
65980000013
65980000014
65980000015
65980000016
65980000045
65980000046
65980000047
65980000048
65980000049
65980000050
65980000051
65980000052
65980000053
65980000054
65980000055
65980000017
65980000018
65980000019
65980000020
65980000021
65980000022
65980000023
65980000024
65980000025
65980000026
65980000027
65980000028
65980000029
65980000030
65980000031
65980000032
65980000033
65980000034
65980000035
65980000036
65980000037
65980000038
65980000039
