,,+5565980000000,,+5565980000001
,,+5565980000002
,,+5565980000003
,,+5565980000004
,,+5565980000005
,,+5565980000006
,,+5565980000007
,,+5565980000008
,,+5565980000009
,,+5565980000010
,,+5565980000011
,,+5565980000012,,+5565980000013
,,+5565980000014
,,+5565980000015
,,+5565980000016,,+5565980000045
dasdasfasfdsa,,+5565980000046
gsdfdsfdfsds,,+5565980000047
hjrfgdgsdfsdf,,+5565980000048
hfdsgsdfgdgsfgf,,+5565980000049
kljghjfghdhgdfgf,,+5565980000050
,,+5565980000051
,,+5565980000052
,,+5565980000053
,,+5565980000054
,,+5565980000055
,,+5565980000017
,,+5565980000018
,,+5565980000019
,,+5565980000020
,,+5565980000021
,,+5565980000022
,,+5565980000023
,,+5565980000024
,,+5565980000025
,,+5565980000026
,,+5565980000027
,,+5565980000028
,,+5565980000029
,,+5565980000030
,,+5565980000031
,,+5565980000032
,,+5565980000033
,,+5565980000034
,,+5565980000035
,,+5565980000036
,,+5565980000037
,,+5565980000038
,,+5565980000039
